Tablero Inicial: 

0 0 0 0 0 0 0 
0 0 0 0 0 0 0 
0 0 0 0 0 0 0 
0 0 0 0 0 0 0 
0 0 0 0 0 0 0 
0 0 0 0 0 0 0 
0 0 0 0 0 0 0 
Posicion Inicial (x, y): 0 0

1 1 1 1 1 0 0 
0 0 0 0 0 0 0 
0 0 0 0 0 0 0 
0 0 0 0 0 0 0 
0 0 0 0 0 0 0 
0 0 0 0 0 0 0 
0 0 0 0 0 0 0 
Posicion (x, y): 5 0

1 1 1 1 1 1 0 
0 0 0 0 0 1 0 
0 0 0 0 0 1 0 
0 0 0 0 0 1 0 
0 0 0 0 0 0 0 
0 0 0 0 0 0 0 
0 0 0 0 0 0 0 
Posicion (x, y): 5 4

1 1 1 1 1 1 0 
0 0 0 0 0 1 0 
0 0 0 0 0 1 0 
0 0 0 0 0 1 0 
0 0 0 1 1 1 0 
0 0 0 0 0 0 0 
0 0 0 0 0 0 0 
Posicion (x, y): 2 4
